-,-,-,-,-,-
0.13,-0.19,0.22,287.96,-108.15,6.59
0.99,-0.44,0.03,-16.42,-373.90,-79.59
0.93,0.04,0.21,-49.56,-423.65,19.10
0.52,0.65,3.36,-458.92,-630.98,39.73
0.40,-0.54,0.84,-165.47,-843.02,93.08
-0.04,-0.11,1.26,56.70,-92.22,153.38
0.12,-1.32,3.29,434.94,-131.84,-665.89
-0.04,-0.07,1.96,588.01,-374.88,-676.03
-0.47,0.58,0.77,1621.83,47.79,-572.81
-0.79,0.50,0.96,1521.61,415.34,-464.05
-0.57,-0.69,-0.12,1220.89,318.85,-608.58
-0.70,0.10,-1.62,1658.94,-239.07,-426.76
0.13,0.23,-0.02,1422.55,254.27,-460.45
0.12,-0.93,-0.21,1536.07,92.83,-430.18
0.12,0.27,-0.23,1264.10,88.07,-316.77
0.20,0.31,-0.62,1130.00,250.24,-380.55
0.35,0.15,-0.27,1052.80,298.34,-351.56
-0.03,0.60,-0.13,1086.91,-81.24,-537.54
0.17,-0.25,-0.17,1026.67,-254.03,-709.78
-0.15,-0.45,-0.25,976.93,-176.45,-731.32
0.15,-0.64,1.01,837.89,-251.53,-750.06
-2.42,-3.14,4.00,308.47,-655.09,-786.99
-1.74,1.02,3.55,1579.96,343.63,-215.45
0.46,-0.43,0.26,1956.97,1133.00,-410.03
-2.32,0.34,-1.64,1025.02,813.11,-160.03
-0.60,0.36,-1.20,1770.14,780.27,-188.66
-0.83,1.22,-0.09,1990.54,1267.64,-487.55
-1.41,-0.28,-0.89,1997.86,808.17,-635.80
-2.30,-0.58,-1.47,1999.69,1019.47,-968.57
-1.53,-1.83,-1.33,1997.50,1004.88,-1277.34
-2.37,-1.76,-1.08,1968.87,931.88,-1349.18
-2.46,-4.00,-0.20,1839.48,993.47,-1382.75
-2.34,-4.00,0.68,911.62,948.91,-1777.28
-0.89,-1.03,-0.66,-519.71,982.79,-1140.44
0.14,-0.83,-0.81,-1477.36,1577.94,-664.49
0.47,-1.66,-1.61,-1575.87,1387.88,-1013.18
-1.81,-2.90,-2.22,-1708.07,398.50,-556.82
-0.27,-2.71,-1.21,-1995.30,389.83,-459.90
-1.95,-2.25,-1.28,-1998.60,1032.96,-69.09
-1.05,3.09,3.87,-1979.37,-47.00,160.46
-1.74,1.51,0.76,-587.40,444.27,310.79
1.65,-0.80,0.27,987.30,1000.31,206.91
-0.53,0.58,-0.19,856.51,1182.56,363.77
-0.09,-0.61,-0.04,836.61,381.29,476.01
-0.23,0.26,-0.36,1038.09,867.55,133.67
-,-,-,-,-,-
0.05,0.05,0.96,118.35,97.78,-93.02
0.66,-0.21,0.36,61.40,-74.58,-127.08
1.24,-0.42,0.61,-150.21,-278.26,-109.13
0.23,0.13,0.08,-126.59,-498.23,-86.98
0.58,-1.06,1.33,-657.90,-169.07,21.30
0.15,-0.17,0.65,194.15,122.56,64.88
1.42,0.34,1.38,298.46,370.12,62.56
2.07,-0.65,1.05,82.03,401.00,138.61
-0.00,0.09,0.33,124.94,-341.31,56.15
-0.04,0.44,-0.36,226.68,-226.32,47.91
0.07,-0.21,0.27,183.90,-151.06,-21.48
0.28,-0.59,0.77,6.10,-359.07,91.74
-0.43,-0.15,2.70,-242.74,-302.25,74.65
1.20,0.05,2.30,-18.49,59.14,19.53
0.34,-0.46,0.17,155.15,226.01,41.63
1.82,-0.01,-0.46,282.10,574.46,-2.87
1.33,-0.15,0.32,207.40,404.97,31.43
-0.10,-0.05,-0.05,168.95,-350.10,-32.41
-0.06,0.04,-0.35,259.16,-583.19,-21.00
-0.05,0.07,0.35,721.07,-355.41,-77.94
-1.48,-0.53,3.58,-280.94,-625.85,56.27
0.64,-0.21,0.75,-207.03,159.85,-60.12
0.39,0.28,-0.17,546.94,455.32,-58.11
1.05,-0.75,0.20,-21.00,718.02,24.66
1.71,0.64,1.48,115.05,101.68,19.96
-0.20,2.14,2.63,-54.69,-447.57,-124.82
-0.05,0.05,-0.22,281.13,-503.91,-484.86
-0.60,-0.14,0.08,461.79,68.60,-740.23
-0.11,-1.47,0.12,614.62,-153.26,-879.39
-0.73,-0.26,-0.61,1184.57,-118.29,-802.43
-0.29,-0.42,-0.19,1328.98,38.82,-790.65
-0.51,-0.75,-0.26,1146.67,109.80,-820.13
-0.17,-0.29,-0.07,1183.11,136.72,-715.58
-0.17,0.23,-0.03,1070.25,268.49,-735.78
0.40,0.06,-0.28,935.24,326.35,-677.37
2.22,-0.93,-0.01,738.04,359.44,-640.01
1.96,-0.27,0.84,514.89,506.10,-612.12
-0.16,0.05,3.63,70.80,-990.72,-677.61
-1.41,-0.98,3.52,344.97,-74.16,-622.56
-0.82,0.12,3.73,514.10,571.35,-560.24
1.54,-1.11,-1.05,653.38,902.71,-454.65
0.53,-1.51,-0.71,226.68,982.67,-354.74
0.32,-1.03,0.35,109.07,729.68,-466.74
0.81,-0.21,2.43,291.81,300.48,-530.52
-2.73,-1.18,4.00,-537.96,52.67,-523.50
-0.12,0.08,3.01,446.90,756.16,-280.09
0.27,0.28,2.33,763.61,1098.33,-405.94
0.47,1.49,-1.21,798.71,819.58,-192.08
-1.07,1.57,-1.35,395.08,471.19,-352.29
-0.98,-0.32,0.63,918.03,1004.46,-384.89
-0.25,1.00,-0.12,825.44,496.77,-520.20
-0.03,0.54,0.07,718.69,897.28,-532.59
-0.26,0.43,-0.43,893.25,908.81,-600.04
-0.19,-0.07,-0.37,990.30,817.63,-771.30
-0.61,0.40,-0.45,1037.90,644.65,-849.06
-0.62,-0.19,-0.49,1118.47,664.37,-879.52
-0.59,0.12,-0.59,1140.87,683.78,-859.99
0.11,-0.28,-0.23,1211.73,722.90,-893.01
-0.08,-1.00,-0.39,1168.46,912.35,-1055.60
-1.82,0.11,-0.31,872.92,28.32,-1413.64
-1.20,-0.77,0.78,945.01,-2.93,-1676.64
-0.60,-3.90,-0.82,1068.36,188.90,-1540.10
0.25,-4.00,2.31,1287.35,385.38,-1605.83
0.94,-0.19,0.74,538.57,358.40,-630.92
-0.30,-0.09,0.20,444.64,147.16,-529.91
-0.01,-0.37,-1.08,-264.16,-52.25,-594.06
-0.42,-1.00,0.27,-102.60,219.06,-457.82
0.04,-0.41,-0.20,-271.06,18.86,-341.74
-0.29,-2.37,-0.26,-317.44,182.50,-347.96
-0.69,-1.84,0.30,-528.69,274.29,-162.60
-0.74,-1.97,0.29,-1193.54,214.84,-31.74
0.28,0.49,-0.24,-1380.92,364.01,63.60
-0.12,0.23,-0.34,-1547.67,932.68,167.66
-0.46,-0.39,-0.53,-1147.71,173.58,252.99
-,-,-,-,-,-
0.97,-0.15,2.59,-81.18,-137.08,-78.37
0.16,0.14,-0.09,286.56,75.56,-107.85
1.15,-0.07,1.22,354.49,469.36,-54.50
1.03,-0.25,-0.46,33.08,-344.85,-126.04
-0.29,-0.12,0.04,375.00,159.67,-206.24
0.72,-0.52,1.38,-299.26,-499.02,-154.91
0.33,-0.91,0.63,-174.87,302.80,-294.74
0.78,-0.27,0.33,-249.39,-179.26,-193.36
0.70,-0.18,1.76,-330.63,15.01,-212.95
0.46,0.21,0.88,-231.02,48.22,-168.27
-1.41,3.54,2.28,36.01,200.01,-126.71
0.48,1.09,-0.83,359.19,410.95,-344.54
0.84,-1.59,0.04,1038.27,121.58,-724.67
0.09,-0.17,-0.11,1233.15,346.74,-676.76
0.38,0.25,0.39,856.26,-225.71,-565.25
-0.22,0.92,-0.33,1202.09,39.67,-544.68
-0.32,-0.26,-0.34,1263.06,126.40,-619.26
-0.02,-0.43,-0.37,1251.59,52.92,-545.72
0.11,0.62,-0.06,1103.70,137.45,-565.00
1.13,0.08,-0.13,1077.51,-94.06,-661.13
0.50,-0.28,-0.52,1126.65,-193.18,-734.44
-0.11,0.15,0.09,1043.09,-296.88,-808.72
0.20,-0.35,-0.00,991.58,-212.34,-906.07
-0.65,-0.53,1.73,847.29,-385.13,-865.72
-2.11,0.75,4.00,603.03,-465.33,-994.02
-3.22,1.41,1.94,1742.37,245.06,-677.12
0.57,-1.06,-0.01,1980.16,838.75,-830.99
0.03,0.72,1.42,1626.16,382.57,-565.37
-0.03,0.38,0.63,1554.93,190.49,-605.90
-1.33,-0.99,-0.33,1691.65,392.09,-1009.22
-2.44,-0.06,0.50,1222.29,334.41,-613.83
-0.22,-0.13,-0.19,1653.93,726.38,-345.03
2.33,-0.72,-1.95,1953.25,-145.51,-110.29
-2.43,-3.73,-0.64,1928.22,516.11,-370.91
-1.36,-3.77,-0.27,1299.74,612.49,-341.74
-0.21,-3.99,-1.42,97.60,482.54,61.40
0.33,-1.05,-2.36,-681.58,498.23,280.46
-0.53,0.66,-0.24,-1050.54,304.57,216.67
0.02,0.71,0.01,-989.50,188.05,241.82
-0.23,0.87,-0.40,-942.02,318.73,308.35
0.01,-0.38,-0.01,-867.19,313.60,250.98
-0.17,0.13,-0.04,-771.61,144.71,257.51
-0.15,0.09,-0.14,-714.11,258.67,227.23
-0.04,-1.11,-0.05,-700.56,285.64,202.51
-0.06,-0.51,-0.09,-687.07,261.78,240.11
-0.14,-0.06,-0.24,-651.25,307.01,251.40
-0.18,-0.19,-0.21,-706.97,284.00,246.95
-0.02,-0.29,-0.24,-739.87,278.38,275.94
-0.04,-0.29,-0.18,-755.43,282.47,291.08
0.20,1.12,1.00,-818.97,222.41,291.87
-,-,-,-,-,-
0.60,0.09,3.82,136.17,449.46,-17.94
0.60,0.04,0.12,192.81,-253.97,-128.48
-0.44,0.34,4.00,448.00,-12.02,-126.22
0.01,0.00,-0.11,135.38,79.28,-105.10
-0.04,-0.11,-0.05,-277.59,562.32,-518.37
0.04,0.00,0.45,78.19,416.38,-79.53
0.14,-0.37,0.56,301.45,749.27,-156.86
0.78,-0.85,-0.29,2.56,13.79,-16.72
1.34,0.71,1.19,-495.06,460.57,19.71
-1.02,0.20,0.72,-209.90,-429.14,106.63
0.09,-0.72,-0.31,12.57,-228.15,-414.98
1.02,1.05,0.54,509.70,342.47,-131.23
-0.18,0.65,0.17,196.78,-442.26,-190.98
0.76,-0.44,2.26,540.22,-405.52,-219.12
1.48,-0.57,2.44,-10.25,-316.35,-437.32
0.59,-0.04,0.63,574.65,-274.41,-372.80
-0.03,0.37,0.27,614.01,50.23,-305.97
0.29,0.14,0.28,737.18,-136.29,-346.50
0.17,-0.28,0.29,754.82,149.66,-299.07
0.09,-0.27,0.77,632.69,51.57,-392.15
-0.16,0.20,0.19,403.44,-472.05,-392.58
-0.30,-0.82,1.69,470.40,-480.35,-377.01
-0.12,-0.29,2.53,-193.48,-249.76,-385.19
-0.27,-0.09,1.61,379.58,119.02,-429.50
0.45,-0.20,0.37,489.44,406.92,-419.19
0.02,0.29,2.34,597.72,320.01,-438.23
0.16,-0.10,2.66,254.03,217.41,-480.41
0.04,-2.19,-1.34,620.97,604.13,-492.68
0.35,0.70,0.30,926.64,880.49,-400.33
0.18,-0.26,-0.07,221.50,379.58,-551.70
1.12,-0.56,-0.01,711.79,277.59,-527.83
-0.05,-0.88,0.90,363.22,73.12,-573.06
-0.82,0.07,3.70,-183.65,-316.65,-624.57
-0.71,-0.47,1.79,602.54,542.05,-471.25
0.39,0.24,-2.28,1071.72,828.43,-432.74
2.65,-0.47,-0.69,614.87,801.21,-434.08
0.69,-1.04,1.14,827.64,291.14,-506.53
-1.17,-0.65,0.85,837.89,465.76,-584.72
-0.99,-0.97,1.13,1495.06,580.93,-410.46
0.27,0.80,-0.31,1716.61,1158.87,-514.47
0.26,0.42,-0.24,1523.93,542.85,-479.31
-0.43,0.61,-0.57,1544.25,525.21,-696.72
-,-,-,-,-,-
0.08,0.01,0.68,43.64,470.15,-141.24
-0.14,-0.11,1.39,-47.42,408.75,-148.19
0.39,-0.00,0.64,334.66,-281.07,-70.37
0.47,0.08,0.29,446.11,-223.27,-37.48
0.30,0.02,1.07,43.95,80.26,22.16
0.18,0.08,0.02,159.79,-45.29,-22.40
0.20,0.07,-0.07,274.60,-89.42,0.92
0.58,-0.13,-0.16,96.92,-103.45,8.79
0.54,0.32,0.03,-233.52,-165.10,48.77
0.94,-0.56,3.27,-96.68,-440.92,-52.98
1.22,0.07,3.68,-190.19,-691.04,-40.34
0.76,-0.40,1.06,223.39,181.76,-4.03
0.64,0.06,-0.56,452.64,402.53,-27.28
-0.11,0.17,0.04,-26.49,-91.55,74.22
0.46,-0.11,0.42,521.85,-219.67,-55.11
0.51,-0.07,0.06,237.98,-141.97,-3.78
-0.19,0.17,0.14,-50.96,-184.88,-9.64
0.03,0.12,0.60,98.39,-359.01,-50.23
0.11,-0.06,2.54,-161.13,-364.07,-28.56
1.16,-0.16,3.72,27.40,-73.18,-67.81
2.10,0.07,0.76,82.82,165.59,-116.33
0.64,-1.50,-0.86,242.31,292.18,-132.08
-0.61,-0.08,0.39,146.24,145.14,-101.75
0.16,-0.26,0.10,272.22,-175.17,-188.66
0.05,-0.15,-0.16,228.39,-23.86,-114.38
-0.53,0.51,3.53,-267.88,-385.56,-120.48
-0.15,0.31,1.98,-260.56,48.40,-134.40
2.40,0.44,-1.22,185.97,845.34,-86.55
0.46,-0.29,0.44,203.98,442.81,-223.75
-0.71,0.60,-0.41,404.05,-14.53,-516.66
-1.25,0.89,1.09,599.30,15.87,-830.93
0.01,-0.18,-0.17,646.36,-8.06,-1096.13
-0.00,1.14,0.00,635.74,-79.41,-1124.94
-0.49,0.68,0.24,845.76,35.58,-1067.93
-0.72,-0.08,-0.70,1513.49,62.07,-926.21
-0.35,0.24,-0.73,1817.08,193.54,-1013.85
-0.56,-0.79,0.17,1646.12,408.14,-906.07
-0.45,-0.66,-0.51,1472.41,132.93,-834.72
-0.25,-0.06,-0.25,1334.72,358.03,-794.49
0.50,-1.07,0.02,1242.61,360.11,-759.34
3.22,0.31,-0.78,1028.75,657.23,-711.79
0.11,0.86,-0.83,789.73,151.00,-796.63
0.97,-0.70,3.87,961.67,-563.90,-1101.68
-3.96,-0.62,1.54,1415.22,-72.39,-704.90
1.35,1.42,1.27,1997.56,783.26,-629.33
2.15,-0.03,-0.38,1780.09,590.39,-507.20
-1.12,0.40,0.04,1711.67,494.32,-403.99
-1.12,-2.75,0.99,1856.32,793.09,-736.51
1.28,-2.27,-2.79,1292.11,239.87,-915.95
-1.03,-4.00,0.93,1385.56,644.90,-995.85
-0.92,-3.95,-1.17,491.58,503.66,-926.57
-2.15,-3.08,-0.48,-76.35,432.43,-237.30
-0.67,-2.36,-2.15,-968.14,494.81,-353.70
-0.45,0.01,-0.70,-1459.35,643.49,92.65
0.05,0.01,-0.44,-1531.98,720.28,267.52
-0.21,0.46,-0.53,-1499.76,626.10,243.53
-0.04,-0.25,0.06,-1314.70,182.01,70.37
0.07,0.13,-0.31,-1380.92,399.66,111.08
-,-,-,-,-,-
0.43,-0.25,2.08,-316.22,-765.63,-193.48
0.22,0.01,0.43,-7.75,68.05,-95.09
0.02,0.05,0.82,-140.20,26.00,-33.39
0.38,-0.11,0.51,-36.07,-38.15,-11.47
0.21,-0.17,0.21,144.41,-14.71,-44.19
0.51,0.07,0.10,219.79,238.04,9.28
0.83,0.02,0.34,-59.57,385.62,-42.91
0.40,-0.10,0.57,-29.91,-143.25,-87.71
0.36,-0.12,1.88,-107.73,-640.50,-129.33
0.31,-0.07,3.00,-85.69,-890.44,-168.33
0.40,0.24,0.89,72.27,-32.29,-99.85
0.10,0.11,0.22,337.95,238.40,-146.06
0.30,0.03,-0.06,548.52,76.66,-56.95
0.25,-0.15,0.30,-23.62,186.77,-67.69
0.58,0.02,0.66,-222.96,-201.29,-116.03
1.02,-0.05,1.59,-236.94,-146.00,-117.25
-0.14,-0.20,3.49,-45.96,-358.58,-175.60
0.66,-0.05,0.71,6.77,-67.08,-164.55
-0.15,-0.81,-0.79,268.98,399.23,-151.73
0.01,0.14,0.32,216.13,773.62,-68.60
0.02,-0.01,-0.27,18.13,-100.46,-137.57
0.46,-0.74,1.05,23.86,111.27,-149.35
1.04,-0.15,3.41,-687.01,-485.84,-96.44
1.74,-0.12,1.98,-123.78,67.50,-150.94
1.03,-0.04,0.69,72.14,334.53,-108.40
1.12,0.00,-1.08,431.34,782.29,-92.22
0.24,0.45,0.03,24.72,-320.98,-164.73
-0.54,-0.45,-0.45,-70.37,-15.38,-108.76
-0.73,3.36,1.79,-339.78,-7.69,-85.94
-1.16,2.31,-0.75,436.22,138.06,-515.01
0.14,2.91,-0.02,1057.50,139.10,-1014.59
0.23,-0.02,0.93,1479.49,104.98,-1078.13
-0.60,1.14,-0.51,1822.27,25.51,-981.45
0.58,0.10,-1.05,1955.38,422.55,-940.86
-0.26,-0.16,-0.77,1807.25,313.84,-922.18
-0.82,-0.02,-0.65,1718.38,32.65,-854.98
-0.28,0.00,-0.34,1613.28,-247.62,-879.15
-0.28,-0.88,-0.37,1500.79,-55.79,-873.78
-0.20,-0.62,-0.11,1323.91,-40.71,-871.22
-0.23,-0.52,-0.39,1204.83,-81.54,-852.54
-0.71,0.21,3.27,1098.33,-29.97,-868.29
-2.28,-1.78,2.78,1187.68,-382.39,-865.78
-0.19,0.73,1.30,1909.00,493.65,-529.79
0.19,-3.44,0.01,1992.25,852.29,-1020.51
1.29,-1.94,-0.40,1476.68,76.84,-1074.71
-2.89,-1.13,-2.54,263.12,-219.18,-1047.36
-1.14,-0.32,-0.31,1489.87,220.34,-279.54
-0.10,0.64,-0.69,1826.17,467.04,-892.46
-0.33,0.24,1.00,1835.75,369.02,-547.55
-1.70,0.90,0.31,1838.01,222.05,-519.10
-1.72,-4.00,-0.28,1954.65,-93.38,-742.68
-1.26,-1.88,-1.19,618.53,384.89,-155.70
-0.17,0.03,-0.90,163.94,-248.05,275.88
-0.02,0.06,-0.39,-62.81,41.50,417.30
0.15,0.02,0.10,47.42,354.43,337.28
-0.49,-0.35,-0.17,150.15,-54.26,454.96
-0.24,-0.15,-0.21,38.76,-193.60,438.48
0.14,-0.02,-0.06,21.97,122.80,408.94
-0.14,-0.41,0.05,157.29,44.49,395.63
0.05,0.06,0.01,204.35,-27.65,422.97
-0.17,-0.13,-0.20,171.94,80.93,398.62
-0.20,-1.54,-0.31,245.73,36.68,441.96
-0.54,-1.64,-0.77,152.28,27.47,514.89
-0.41,-0.55,-1.51,57.50,238.22,613.95
0.06,0.47,-1.43,83.37,425.05,712.71
-2.42,-1.30,-0.12,154.48,-513.61,623.78
-2.70,-1.09,-0.34,-117.07,-755.43,621.34
0.01,-0.38,-1.02,-612.85,121.03,-106.14
1.64,-0.32,-1.33,-1032.41,566.89,-601.20
-0.46,-0.40,-1.01,-970.76,323.24,-400.15
-0.50,-0.97,-0.96,-966.55,-29.72,-303.71
0.16,-0.00,-0.51,-1032.96,105.10,-427.06
-0.31,0.32,-0.21,-976.14,-170.47,-419.37
-0.15,0.11,0.01,-766.78,-124.82,-459.66
-0.27,-0.32,0.06,-715.82,-129.88,-465.45
-0.34,-0.60,0.11,-682.25,-279.60,-483.09
-0.15,-0.45,0.13,-834.23,-375.49,-485.11
-0.30,-0.37,0.11,-952.58,-9.03,-458.98
-,-,-,-,-,-
0.85,-0.28,0.50,128.54,377.01,-14.04
0.44,0.08,0.09,372.68,-3.42,-81.18
-0.72,-0.29,1.77,-35.34,-369.45,-184.94
0.03,-0.06,-0.14,581.30,153.50,-161.80
0.37,-0.14,0.85,-243.65,-800.29,-212.40
-0.26,0.17,-0.22,265.38,358.03,-218.44
0.22,-0.66,0.07,61.58,524.23,-111.33
-0.07,0.15,0.01,-33.08,64.27,-172.12
-0.55,2.60,0.21,-113.10,-21.55,47.18
-0.59,0.44,-0.90,384.64,-364.81,-126.65
-0.36,-0.26,-0.69,1112.18,-91.61,-531.13
0.29,0.11,-0.23,1348.88,444.09,-181.34
-0.10,-0.35,-0.22,1296.14,-53.34,-348.75
0.28,-0.06,0.04,1229.00,-48.03,-273.93
0.48,-0.85,0.66,1097.11,29.42,-378.85
0.30,0.17,1.71,994.75,-98.33,-349.55
1.94,0.87,0.65,888.67,-179.44,-514.10
-0.25,-0.93,-0.15,1399.41,35.03,-851.07
-0.36,-0.24,-0.10,1680.05,11.41,-934.88
-0.05,-0.43,0.42,1205.26,-290.34,-859.38
-0.79,-1.25,1.57,1112.92,-219.48,-942.87
-1.90,-0.06,3.49,719.79,-58.84,-895.20
-1.73,0.39,0.68,1431.46,342.53,-741.09
-0.23,0.28,-1.68,1855.83,776.18,-729.00
-0.03,0.97,0.16,1727.48,749.82,-726.56
-1.30,0.12,-0.82,1705.20,468.63,-522.16
-0.99,-2.99,-0.93,1999.51,643.74,-498.96
-1.63,-4.00,2.77,1764.22,613.10,-1136.78
-1.42,-2.64,0.05,1105.77,126.34,-1171.81
-1.03,0.22,-1.47,1623.05,239.44,-975.71
-0.46,1.32,-1.08,1819.27,266.36,-1085.88
-0.19,0.34,-0.13,1821.66,555.36,-1018.74
-0.77,-0.07,-1.00,1985.23,-208.92,-996.95
-0.82,1.93,-1.11,1851.62,32.35,-628.23
-0.23,-1.59,-0.28,612.18,481.51,-434.57
-1.89,0.86,0.75,228.27,-205.08,-121.46
0.20,-1.25,-0.97,6.77,124.33,69.40
0.29,-0.25,0.17,247.13,178.53,157.10
-0.01,0.18,0.65,267.88,-74.83,59.63
0.28,-0.04,0.47,375.12,-217.71,62.38
1.08,-0.25,-0.42,362.67,230.16,131.53
-0.02,0.15,0.14,356.75,409.61,131.04
-0.18,0.21,0.15,341.13,-85.94,93.81
0.19,-0.27,-0.22,366.52,-9.46,135.74
-0.04,0.03,-0.03,339.97,241.94,145.57
-0.43,-3.37,-1.28,281.80,-89.90,160.77
-0.21,-3.14,-1.06,215.09,405.21,396.97
-0.92,-2.33,-1.33,-218.51,-1.16,570.31
-0.96,-0.89,-0.88,-666.87,-71.47,680.91
-1.31,-0.98,-0.92,-851.14,-151.79,879.52
-0.56,-0.04,-0.45,-1082.28,-163.45,984.92
-0.40,-0.11,-0.29,-1122.19,-117.68,1032.04
-1.08,-0.27,-0.72,-1158.51,-123.66,964.78
-2.91,-0.59,-1.16,-1267.76,-431.40,973.63
-2.06,2.45,-0.33,-1700.32,-122.99,746.52
-0.76,-2.42,2.34,-1726.01,163.21,-590.39
0.46,-3.81,-0.20,-634.77,808.78,-545.65
-1.37,-1.11,-0.43,-293.27,248.54,-83.37
-,-,-,-,-,-
0.41,-0.18,0.28,-30.70,36.07,-224.61
0.47,0.00,0.29,-191.35,268.25,-204.04
0.95,0.08,0.36,-255.98,354.31,-133.24
0.14,0.00,0.19,-489.62,-185.91,-12.94
1.03,-0.38,0.93,-222.17,-23.99,91.43
0.16,0.15,-0.14,20.63,220.58,139.34
0.66,-0.30,0.58,299.44,226.93,65.73
0.65,0.04,3.61,-200.93,-664.31,84.59
0.73,-0.06,0.47,95.58,8.97,95.03
0.14,0.17,-0.30,521.73,282.41,38.70
0.64,0.28,0.11,402.16,414.79,169.01
0.13,0.04,-0.05,71.53,243.96,50.60
0.34,-0.09,0.14,217.59,-107.91,58.47
0.26,0.12,0.40,255.19,34.85,62.32
0.69,2.45,2.72,411.38,-482.48,42.85
-0.61,3.02,0.83,59.14,-385.93,-95.95
1.06,0.04,0.43,924.32,46.45,-520.08
0.43,-0.86,-1.56,1208.98,527.53,-621.89
0.15,-0.35,0.04,1440.55,-290.71,-484.38
0.78,-0.93,0.12,1037.78,140.87,-528.75
0.25,0.48,-0.15,1172.91,-215.52,-492.31
0.06,0.10,0.27,1160.89,-265.20,-511.41
-0.52,0.42,0.67,1123.66,-615.54,-535.22
0.04,0.40,0.10,1219.18,-477.72,-518.25
0.05,-0.01,-0.06,1246.70,-198.55,-535.64
0.11,-0.13,1.09,1010.99,-191.22,-551.45
0.26,-0.36,0.45,808.53,-29.72,-526.43
0.47,0.06,1.47,964.54,-0.98,-590.45
-0.14,0.10,1.31,624.39,92.71,-693.85
-0.53,-0.57,3.61,930.91,172.30,-812.93
-1.43,-0.35,1.83,1036.01,382.51,-815.06
-1.49,-0.07,3.59,1082.70,614.44,-754.58
-1.51,-0.91,1.02,1360.53,903.81,-596.80
-0.28,1.07,0.63,1772.34,1168.70,-437.44
0.27,0.61,1.19,1810.24,1307.98,-446.78
0.03,1.23,0.01,1698.85,966.92,-265.81
-0.90,0.99,-1.04,1943.12,1287.78,-286.80
-0.86,0.84,-1.44,1975.83,1247.56,-561.10
-0.84,-0.19,-1.36,1999.69,1318.66,-998.17
-1.65,0.54,-1.26,1999.69,1084.29,-1185.42
-1.74,-3.78,-1.23,1995.18,1232.48,-1049.99
-0.28,-2.99,-3.36,756.10,1043.58,-353.58
-0.98,-2.85,-1.17,-640.50,1007.20,82.89
-0.98,-1.28,-1.41,-1660.89,117.00,258.79
0.01,-0.14,-0.54,-1917.36,947.94,355.90
-0.79,-0.11,-0.46,-1699.65,812.87,335.82
0.03,-0.32,0.03,-1927.67,328.55,118.71
0.15,0.06,-0.07,-1968.32,767.70,167.30
0.00,1.23,-0.06,-1988.46,909.48,-30.52
-1.60,-0.48,3.38,-1820.68,605.77,-181.09
-0.86,-1.21,2.59,12.94,485.17,326.48
-0.28,-1.36,-2.23,1118.16,1251.34,-116.70
-0.07,1.42,0.56,779.66,1063.42,241.46
-1.21,-1.74,0.26,701.90,744.87,243.29
0.21,0.21,0.02,336.06,798.89,-90.03
-,-,-,-,-,-
1.46,-0.09,2.33,-64.94,427.43,-174.44
0.67,-0.03,0.27,103.94,864.62,-155.76
-0.55,-0.31,1.68,-635.74,-211.85,-115.91
-0.12,0.12,0.06,178.41,299.87,-73.55
-0.56,-0.01,2.21,270.63,657.78,-15.44
-0.02,0.04,0.17,77.94,-211.85,-100.83
0.19,-0.21,0.01,42.66,-266.66,-103.52
0.16,0.05,-0.13,77.27,-189.51,-106.99
0.32,-0.04,-0.25,60.49,-141.24,-107.54
1.01,1.77,0.62,-140.81,-120.06,-57.62
-0.94,1.66,-0.08,94.18,-227.84,-238.59
0.09,0.99,-0.86,1147.22,-365.84,-854.37
-1.23,-0.35,3.96,876.71,-509.46,-1003.48
-1.50,-1.03,1.96,1417.91,-896.30,-769.41
-0.06,-0.27,-0.30,1896.24,355.22,-840.52
-0.35,-2.23,-0.69,1925.72,-202.27,-911.87
-0.34,-2.13,-0.77,1687.74,-46.26,-776.43
0.57,-1.35,0.69,1604.43,-46.02,-711.98
-0.03,0.65,-0.36,1228.45,52.31,-820.13
0.52,0.07,0.25,1706.05,36.99,-649.17
-0.52,0.70,0.05,1172.73,29.24,-709.29
0.28,0.09,0.20,1092.59,125.55,-677.61
-0.08,0.26,0.12,1027.10,80.08,-644.35
-2.80,-2.10,3.26,693.12,-102.23,-674.87
-1.50,1.95,3.01,1583.92,302.00,-124.76
0.74,-0.02,-0.08,1974.67,1025.33,-444.40
-1.13,0.74,0.11,1777.53,260.93,-70.68
-1.53,-1.02,-1.28,1999.08,603.03,-217.22
-0.20,-3.95,-0.85,1981.69,-11.17,-418.46
-0.77,-3.43,-2.30,797.18,687.50,-1354.00
-1.61,-3.92,-3.53,70.80,760.44,-997.68
-0.11,-1.01,0.94,795.78,1131.96,-5.62
-0.34,-0.31,-1.80,254.82,202.27,-271.79
0.58,1.53,-0.16,-857.67,667.18,625.49
0.36,-1.15,0.73,-1092.90,945.19,246.64
-0.41,0.57,-0.32,-710.21,406.01,238.16
0.17,-0.19,0.10,-810.42,221.19,377.87
-,-,-,-,-,-
0.30,-0.01,0.75,-320.13,57.50,-268.31
0.28,-0.06,0.04,147.52,525.94,-247.31
0.99,-0.27,0.23,-98.33,882.75,-184.39
0.23,-0.16,0.19,-349.73,-795.72,-139.10
0.44,0.03,1.39,-154.17,97.72,80.81
0.31,-0.16,0.31,143.86,180.05,56.40
0.30,-0.01,0.11,305.05,29.91,63.23
-0.02,0.05,0.45,149.72,0.49,103.45
0.20,-0.09,1.23,-19.04,-32.78,113.10
1.47,-0.19,1.13,-112.43,19.23,125.24
1.31,-0.04,0.86,149.41,504.03,127.99
0.29,0.26,1.47,183.59,-492.37,74.65
0.33,0.08,0.50,208.44,-372.19,63.11
0.15,0.12,0.05,418.27,-15.01,39.79
-0.64,1.59,2.03,524.29,-74.34,33.51
-2.11,2.60,0.72,430.18,65.61,-160.10
2.87,1.44,-0.92,-1100.77,403.14,-124.69
0.15,1.06,0.47,486.21,288.21,-762.15
-0.53,0.20,-0.36,1385.19,-355.53,-740.84
-0.43,0.01,0.02,1476.38,-119.87,-723.51
0.03,-0.00,-0.98,1622.68,-65.19,-671.57
-0.02,-1.03,-0.41,1661.25,-58.04,-707.52
-0.64,-0.50,-0.18,1530.03,-75.32,-697.94
-1.02,-1.65,-1.41,1404.91,-54.26,-682.80
-0.03,-0.27,0.26,1381.77,11.96,-660.40
-0.34,-0.59,-0.61,1322.75,-28.63,-613.16
0.22,-0.28,-0.01,1216.98,6.04,-661.50
0.01,-0.20,-0.88,1232.30,-9.58,-779.17
-0.13,0.16,-0.00,1184.57,-35.16,-910.28
-1.24,2.37,3.01,1159.48,-116.70,-992.86
-3.37,-1.62,3.78,1411.01,-290.83,-1122.74
-0.82,0.09,1.81,1981.26,452.15,-758.36
-0.13,-0.29,-0.75,1999.27,1021.91,-920.23
-0.67,-4.00,-2.44,1980.71,440.49,-748.72
-,-,-,-,-,-
0.22,-0.46,-0.03,128.30,242.13,-253.05
-0.25,-0.28,3.72,-381.71,-108.46,-201.84
1.32,-0.11,0.99,63.78,364.32,-67.93
0.08,-0.31,1.38,-98.02,-43.64,47.30
0.37,-0.10,0.39,82.21,194.46,108.83
0.71,-0.20,0.31,-236.27,-175.05,69.52
1.10,3.80,2.83,-64.03,-894.04,-76.17
0.84,2.59,-0.12,679.93,9.34,25.39
-0.12,-0.78,-0.07,956.18,190.92,-561.22
0.64,-0.66,0.33,1424.62,170.35,-442.93
0.18,-1.43,-0.45,1440.06,538.76,-512.70
-0.42,-0.33,-0.77,1175.72,-107.67,-464.42
-0.02,0.48,0.01,1233.76,-171.63,-456.91
-0.14,0.31,-0.49,1255.31,-41.56,-492.92
-0.07,0.81,-0.53,1164.98,48.58,-440.80
-0.01,0.48,0.07,1084.17,369.93,-559.08
-0.05,-0.37,-0.53,1111.45,-145.87,-731.69
-0.26,0.15,0.01,1172.49,-67.38,-739.62
0.93,-0.13,-1.03,1079.53,-83.86,-760.50
-0.51,0.41,-0.48,940.06,-486.39,-819.76
-0.10,-0.63,0.10,1098.21,-130.92,-962.52
-1.17,2.57,3.50,847.29,-607.12,-999.21
-2.38,-1.40,3.89,1057.25,-225.59,-926.33
-1.57,0.14,1.82,1931.40,583.92,-651.79
0.76,0.62,2.21,1940.37,877.75,-761.41
-0.17,0.17,0.58,1630.92,229.86,-406.74
0.31,0.27,-0.91,1656.80,282.53,-613.89
-1.95,-1.71,-1.68,1844.18,616.64,-627.08
-0.22,-2.81,0.54,1952.88,370.91,-777.16
-0.11,-3.27,-1.30,1724.55,603.45,-1074.16
0.03,-4.00,-1.70,1474.98,400.39,-489.62
-1.69,-1.35,-0.20,-87.89,517.52,-192.38
-,-,-,-,-,-
1.78,-0.29,2.56,-191.89,341.80,-258.73
-0.24,0.38,0.30,67.63,216.55,-156.56
-0.55,-0.01,0.39,129.09,-508.79,-61.58
-0.38,-0.34,0.66,-196.90,-92.10,138.37
0.00,0.26,1.71,64.09,-75.68,46.39
0.88,0.07,1.43,200.50,-135.62,-46.45
0.56,0.08,0.01,247.07,54.50,-42.24
0.17,0.09,0.12,482.91,317.69,-97.23
-0.19,0.03,0.25,298.40,-204.77,-104.61
0.11,-0.39,0.55,305.48,-554.50,-107.60
-0.42,-0.20,1.49,32.35,-360.23,-113.04
0.35,-0.16,1.04,-41.75,-124.33,-112.18
0.93,-0.14,0.76,208.56,156.74,-113.16
-0.52,0.62,1.97,200.62,476.75,-74.89
-0.10,-0.01,1.68,-80.75,-546.75,-197.08
0.42,-0.14,0.69,95.34,-28.38,-207.28
0.39,-0.16,0.47,193.79,16.11,-207.34
-0.01,0.07,1.65,173.40,-31.80,-198.12
1.12,-0.16,1.36,-90.52,80.08,-146.79
0.31,0.04,-0.08,107.36,165.53,-181.95
-0.03,-0.59,0.97,292.60,-117.80,-227.23
0.12,0.13,2.02,-222.72,-57.68,-158.45
-0.18,-0.13,1.70,-207.52,92.71,-191.89
1.01,-0.03,0.79,-27.71,351.14,-171.88
-0.05,1.19,0.80,-126.65,544.19,-169.68
0.79,-0.39,-0.39,504.52,339.05,-364.56
-0.47,-0.32,0.63,725.65,517.15,-664.18
-0.86,-0.22,-1.50,274.90,232.30,-633.12
0.43,0.01,-0.53,537.05,-312.81,-599.67
0.29,0.98,0.73,713.07,235.96,-481.26
0.85,-0.19,0.68,687.87,145.75,-570.01
0.67,0.06,1.16,759.52,242.98,-487.24
-0.05,-0.21,2.01,485.78,-283.45,-464.72
0.14,-0.47,1.28,286.99,43.46,-489.50
0.46,0.12,0.03,516.48,432.50,-474.79
0.69,-0.31,0.19,471.98,449.58,-545.96
1.34,-0.33,-0.50,356.14,421.94,-578.06
0.17,-0.41,-0.26,311.22,-25.82,-632.39
-0.94,0.12,3.06,112.67,-450.32,-635.31
-0.10,0.16,3.88,4.64,-456.18,-645.45
-0.41,-0.34,2.12,167.24,311.83,-599.12
0.26,-0.34,1.89,69.95,619.26,-624.76
0.31,-1.55,0.47,370.67,832.28,-565.86
-0.47,0.68,1.81,-109.86,-34.85,-619.38
-0.34,-0.01,0.55,134.16,574.52,-547.00
-0.57,-0.16,0.77,520.51,626.95,-519.53
0.35,-0.28,1.12,-335.45,696.47,-458.74
0.26,-0.36,2.00,-365.91,599.73,-469.67
-0.15,-0.40,1.17,-56.95,644.78,-463.13
-0.60,0.23,2.04,173.83,698.18,-423.89
-,-,-,-,-,-
0.37,0.17,0.04,111.21,-140.93,-185.97
0.02,-0.47,0.33,205.81,28.81,-208.92
0.50,0.78,0.11,57.74,372.44,-253.60
0.13,-0.37,0.01,-267.82,-129.82,-153.99
0.70,0.10,0.26,163.64,675.17,12.45
0.72,-0.20,0.89,69.15,161.62,15.69
0.11,0.06,0.04,219.30,132.14,-10.80
0.29,0.46,0.10,92.71,15.32,44.19
0.10,-0.05,0.24,351.44,120.91,3.54
2.43,-0.32,-0.71,46.14,232.24,78.06
0.59,0.77,2.81,-239.44,-23.93,79.04
0.31,0.14,1.69,-348.75,-906.13,-53.59
0.69,0.03,0.10,214.36,278.87,37.23
0.40,0.03,-0.18,447.57,591.19,18.98
-0.00,0.05,0.18,327.88,-224.37,14.59
0.25,-0.13,-0.29,351.93,-134.64,-0.85
1.87,1.14,2.69,11.78,-85.94,85.45
0.86,0.03,2.56,-307.43,-836.24,-17.94
0.72,0.24,0.24,224.67,29.36,-27.34
-0.18,-0.07,0.10,629.27,144.47,-108.40
-0.00,-0.07,0.11,461.55,-357.24,-50.48
-0.01,-0.07,0.07,197.51,-110.84,-91.86
-0.05,0.12,0.19,198.12,-170.59,-62.93
-0.05,-0.56,1.09,160.34,-146.18,-91.00
0.25,-0.25,3.38,-383.67,-248.05,-10.01
1.75,0.14,0.47,121.52,332.70,-76.29
0.21,-0.44,0.26,384.09,373.54,-137.08
0.15,0.12,0.40,280.76,-392.70,-126.71
0.47,-0.01,0.20,139.89,174.62,-148.74
1.49,0.22,-0.17,733.40,563.48,-125.85
0.23,-0.21,0.26,135.68,-62.44,-142.27
0.14,0.50,1.77,-153.81,-741.46,-230.83
-0.37,-0.33,3.27,-192.63,-335.33,-253.23
-0.16,-0.05,1.57,62.81,172.73,-184.94
1.04,0.35,-0.11,163.33,602.72,-172.85
0.39,0.41,0.32,485.53,768.92,-161.25
0.34,-0.53,0.55,103.94,199.71,-172.85
0.04,-0.36,0.35,-62.74,-94.85,-214.66
0.73,2.75,1.53,-238.65,-374.88,-269.17
0.25,-0.55,1.83,47.49,-194.70,-254.27
0.02,-0.50,0.45,523.99,329.65,-699.77
-0.22,0.15,-0.40,960.02,625.24,-650.88
1.48,-0.59,0.00,752.01,886.84,-497.01
0.16,0.49,-0.11,387.21,167.24,-583.50
-0.46,0.03,-0.25,868.53,117.07,-565.12
0.89,-0.00,0.24,533.94,1.89,-540.22
1.15,0.29,1.00,533.94,183.35,-559.20
0.68,-0.95,1.03,445.01,-476.75,-638.24
-0.32,-0.21,2.59,74.34,-733.83,-648.01
-0.10,-0.41,0.81,467.04,-217.53,-639.53
-,-,-,-,-,-
1.69,-0.23,2.13,-28.63,-167.54,-103.39
-0.06,-0.32,2.11,13.49,520.57,-82.89
1.40,0.01,0.27,420.10,329.16,-78.13
2.72,0.02,0.64,-72.63,-595.28,-80.99
-0.45,-0.01,3.89,-179.38,-217.47,-20.63
0.58,0.11,0.00,97.84,-97.23,-37.54
0.72,-0.60,1.22,4.64,-251.95,-41.14
0.60,-0.54,2.19,-599.18,-757.57,-17.40
0.64,0.21,0.98,-17.09,-64.88,-41.20
0.43,-0.07,0.57,394.65,190.92,-23.07
0.19,-0.04,0.40,287.66,21.06,-7.69
1.85,-0.04,0.56,84.29,169.62,23.99
0.53,-0.60,0.19,-46.14,138.31,28.87
0.88,-0.24,1.55,144.53,-478.88,-88.68
-0.68,-0.74,3.03,-280.76,-931.64,-77.58
-0.35,-0.29,2.92,-15.75,-376.95,-79.16
0.15,0.43,-0.10,157.65,141.48,-32.59
0.48,-0.78,-0.31,524.05,445.19,-57.19
-0.02,-0.08,0.21,229.68,206.67,23.86
0.32,0.03,-0.23,-37.29,169.13,-41.87
2.09,0.75,0.08,164.67,623.72,6.65
0.81,-0.43,0.38,-348.63,170.10,26.73
0.43,-0.95,1.02,224.43,-386.90,-151.79
0.03,-0.26,3.98,-219.06,-972.84,-116.09
-0.20,-0.21,1.90,-33.26,-95.70,-83.07
0.92,-0.97,-2.40,291.32,738.10,-60.79
0.20,0.07,-0.03,164.43,726.01,-12.63
0.33,-0.13,0.41,235.72,254.03,-136.05
1.41,-0.47,0.67,240.72,263.61,-20.02
0.11,0.20,0.12,-358.22,-159.61,-35.34
-1.24,1.55,-0.13,-50.72,-669.49,-316.77
-2.27,0.65,2.29,245.18,-495.97,-570.50
0.12,-0.28,0.81,830.08,-233.76,-743.53
-0.35,-1.05,-0.27,1519.53,450.01,-793.52
-0.16,0.69,-0.66,1304.75,543.95,-881.90
-0.57,-0.10,-0.66,1417.91,181.34,-816.59
-0.27,0.77,-0.06,1249.69,267.09,-667.66
2.04,-0.60,-0.79,1127.14,598.21,-766.78
3.32,-1.92,0.47,989.99,449.46,-681.88
-1.60,-1.01,0.81,993.53,-682.19,-763.79
-0.22,-1.12,0.15,503.78,-481.08,-686.22
-0.31,-1.15,3.72,456.85,-766.60,-756.77
-1.37,-1.02,4.00,547.73,-129.58,-611.15
-0.70,-0.94,1.83,1109.68,494.02,-498.60
-0.66,-0.27,0.54,1154.85,854.00,-464.11
0.88,-0.35,0.69,717.77,101.50,-360.84
0.23,0.73,1.73,1203.49,824.40,-376.04
-1.14,-0.37,2.65,845.15,132.81,-476.20
-0.80,-0.06,0.91,1727.48,831.36,-385.93
0.43,-0.84,-1.14,1846.37,1085.94,-608.46
-1.37,0.09,-1.51,1683.11,155.09,-389.83
-0.31,0.35,-0.75,1923.22,1112.98,-573.12
-1.24,-0.04,-1.35,1975.59,610.05,-930.54
-0.57,0.20,-0.47,1981.08,674.19,-1010.74
-1.28,-2.52,-1.10,1955.87,653.26,-1106.45
-0.83,1.13,-2.81,1559.27,721.44,-765.93
0.32,-0.68,-0.47,-405.76,833.07,-215.45
-1.19,-2.52,-0.15,-1175.35,656.74,397.77
-0.06,-1.21,-0.48,-1834.53,235.72,145.87
-0.09,-0.84,0.99,-1945.68,653.63,351.32
-0.77,0.36,-0.23,-1957.28,438.11,138.55
-0.50,-0.56,-0.10,-1917.85,207.89,37.48
0.44,-0.42,0.10,-1956.73,468.44,-92.22
0.20,2.06,0.71,-1956.05,420.04,-84.84
-3.10,-0.35,4.00,-1308.90,170.23,-180.91
0.64,1.01,0.79,795.84,778.26,230.77
2.45,0.95,-0.85,1435.18,1235.11,-116.03
1.46,0.88,-0.89,879.58,876.59,362.30
0.03,-0.01,-0.06,950.87,796.20,193.85
-0.89,0.86,-0.28,999.57,773.01,28.14
0.24,-0.47,-0.47,658.39,649.29,109.92
0.71,-0.51,-0.19,1041.87,1227.72,265.93
0.17,-2.41,1.14,534.24,873.41,-51.82
-0.28,-2.46,0.74,9.70,-255.55,-626.65
-0.35,-1.23,0.68,-283.02,39.37,-568.05
-0.59,-0.69,0.43,-613.46,63.60,-691.16
-0.78,-0.96,3.32,-893.19,-40.77,-708.98
-2.79,-3.33,0.89,-872.50,-121.77,-496.83
-1.28,-1.74,0.93,144.17,71.66,-209.41
-0.82,-0.40,0.63,-213.50,-65.55,-179.69
-0.08,-0.19,0.11,33.69,-57.98,135.56
-0.03,-0.57,-0.01,180.97,-71.96,120.18
-0.04,-1.04,0.04,139.40,-4.70,187.87
-0.03,-1.66,0.02,75.81,8.36,241.88
-0.10,-1.30,0.06,-29.79,-25.39,180.36
-0.03,-1.08,0.00,-102.11,-42.79,127.81
-0.10,-0.54,0.06,-142.94,-22.77,30.33
-0.08,-0.61,0.17,-163.70,-7.26,-43.70
-0.12,-1.12,0.30,-165.04,30.21,-55.48
-0.27,-1.44,0.53,-187.38,59.02,-3.60
-0.41,-1.17,0.48,-240.11,85.51,42.18
-0.27,-1.01,0.47,-243.65,112.73,82.09
-0.14,-0.92,0.34,-228.76,144.04,99.55
-0.06,-0.87,0.26,-239.69,163.76,91.25
-0.05,-0.86,0.24,-270.69,167.18,80.32
0.05,-0.84,0.31,-296.63,162.17,70.98
0.22,-0.60,0.52,-282.10,149.23,68.73
0.15,-0.39,0.99,-169.86,90.03,51.82
0.21,-0.69,1.01,84.72,87.34,33.20
0.44,-1.04,0.69,224.30,113.16,3.23
0.57,-0.77,0.37,133.67,103.82,48.95
0.68,-0.64,0.10,72.20,90.88,39.98
0.60,-0.76,-0.02,97.47,47.12,14.28
0.47,-0.95,-0.09,105.10,6.29,-38.51
0.36,-1.23,0.04,109.07,-21.91,-59.45
0.29,-1.35,0.18,98.82,-37.41,-37.66
0.41,-0.97,0.26,73.97,-30.33,14.16
0.50,-0.75,0.24,51.94,-20.39,39.67
0.33,-0.78,0.24,39.86,-17.58,24.54
0.18,-0.98,0.23,24.60,-19.29,-10.25
0.17,-1.05,0.21,3.54,-16.85,-25.88
0.17,-0.96,0.28,-19.04,-17.09,-21.12
0.17,-0.95,0.37,-18.98,-23.50,-10.13
0.17,-0.94,0.42,-2.50,-26.55,-3.42
0.14,-0.91,0.40,5.13,-25.09,1.10
0.09,-0.90,0.37,9.52,-23.86,-0.24
0.07,-0.94,0.36,15.50,-23.01,-3.72
0.07,-0.96,0.34,16.91,-22.71,-6.04
0.07,-0.95,0.38,14.71,-21.12,-4.76
0.06,-0.93,0.38,15.99,-19.71,-2.44
0.06,-0.92,0.40,18.55,-18.55,-1.04
-,-,-,-,-,-
0.06,-0.93,0.38,22.34,-17.46,-0.67
0.06,-0.93,0.36,27.04,-17.15,-0.06
-,-,-,-,-,-
-0.32,0.02,2.37,286.25,-85.21,-37.29
-0.34,0.10,1.77,131.16,81.30,-133.85
0.40,0.01,0.38,219.18,25.70,-254.39
0.42,-0.17,0.84,-113.89,-295.90,-258.73
-0.29,-0.31,1.25,-203.74,-40.22,-156.07
-0.08,0.18,0.87,-78.92,-279.54,-103.70
0.11,0.02,0.49,-116.58,-2.26,-60.91
0.02,-0.17,0.86,-70.01,50.42,-54.50
0.17,-0.04,1.77,-177.55,-15.69,-50.54
0.99,-0.08,1.94,-207.46,112.43,-31.37
0.51,-0.12,1.12,-137.70,182.37,-20.75
0.29,0.10,0.12,-10.01,206.73,-22.16
0.72,0.01,0.00,245.73,278.26,-15.50
0.09,-0.01,0.44,53.28,130.74,28.14
0.26,0.21,0.07,-97.96,-292.91,-16.54
0.53,-0.14,0.28,83.25,-142.82,-48.22
0.54,-0.07,2.17,-125.37,-270.87,-1.46
0.86,0.13,0.51,-7.45,-109.07,-13.37
0.53,-0.07,0.56,295.41,61.04,-31.80
0.04,-0.06,0.24,104.31,-29.11,-2.20
0.55,-0.29,0.57,305.05,-246.28,-53.10
0.61,0.02,0.98,6.23,-81.24,-38.45
1.18,0.33,3.36,-66.59,-145.32,-9.28
0.84,0.16,1.50,45.23,-126.53,-33.02
-0.09,0.01,-0.18,285.22,43.88,-54.02
-0.23,0.14,-0.21,540.53,-200.01,-94.54
-0.20,-0.29,-0.28,440.67,-14.34,-82.76
-0.03,-0.03,-0.05,395.20,-123.29,-29.54
-0.03,-0.08,0.02,190.37,-120.73,-115.30
-0.02,-0.03,0.08,94.24,-114.56,-97.53
0.55,1.33,3.59,-68.73,-174.07,-85.21
1.78,0.03,2.39,-392.33,-135.68,-85.75
1.23,-0.33,1.44,206.12,101.93,-170.47
0.97,-0.34,0.66,282.17,141.24,-185.42
0.95,3.89,2.56,250.61,79.16,-268.55
-0.10,1.22,-0.62,253.54,145.87,-601.26
0.53,-0.07,0.80,431.64,551.45,-785.58
0.54,-1.25,0.19,637.39,-7.87,-1065.80
0.42,-0.39,0.58,590.09,8.24,-1037.41
-0.56,0.28,-0.20,680.85,287.05,-978.58
-0.40,-1.31,0.80,476.14,-102.84,-1023.74
-0.55,-0.69,0.57,1179.57,168.21,-807.50
0.04,-0.31,-0.48,1747.62,447.69,-790.41
0.54,-1.37,-0.71,1829.35,887.15,-781.62
1.43,-1.05,-0.67,1363.53,341.61,-664.61
0.59,0.11,-0.57,1185.91,290.83,-628.05
-0.21,-1.23,-0.46,1200.93,-94.54,-825.81
-1.01,-0.54,2.88,1017.15,-280.09,-765.26
-3.53,-1.53,4.00,635.56,-144.04,-707.28
-2.54,2.58,1.56,1878.30,713.07,-240.05
0.26,-0.71,1.04,1895.63,1345.28,-390.75
-2.47,2.38,0.09,1350.89,540.22,-169.49
1.02,-1.20,-3.47,1905.70,367.31,-471.50
-1.79,0.70,-0.22,1994.63,180.97,-1142.94
-1.14,-0.50,-0.23,1998.54,541.81,-1361.94
-2.59,-4.00,-0.25,1932.80,593.02,-1628.17
-0.96,-2.32,0.05,387.39,904.54,-900.57
1.12,-1.43,-1.36,-1163.33,1166.69,2.62
-1.50,-3.40,-1.43,-756.53,711.12,-284.12
0.39,-0.00,-0.36,-1102.78,40.65,81.54
-,-,-,-,-,-
0.09,0.17,-0.04,251.59,14.16,-57.74
0.17,-0.17,0.14,239.38,-49.44,-72.20
-0.00,-0.05,1.07,128.91,-200.38,-170.47
0.31,0.18,0.56,2.32,-103.39,-219.85
1.12,-0.16,1.33,-152.34,-200.50,-225.34
0.78,-0.19,2.71,-208.31,-47.00,-154.85
0.13,0.21,0.32,-214.84,164.00,-78.98
-0.75,-0.41,2.32,-221.68,-497.07,-107.24
0.23,0.00,1.32,-182.19,-292.24,-97.72
0.76,0.05,0.94,-158.02,147.03,-62.62
0.64,-0.14,0.35,-177.00,195.07,-61.22
-0.02,0.02,0.16,-184.69,111.02,-39.49
0.16,0.13,0.94,-185.18,-31.25,-31.74
0.32,-0.12,0.60,-135.99,-87.89,-27.28
1.15,-0.46,1.88,-102.05,13.92,-6.59
0.80,-0.15,1.47,-94.12,-112.79,-14.59
-0.05,-0.17,1.83,-104.13,8.67,13.49
0.51,0.04,0.11,-57.74,172.36,28.50
0.30,0.05,0.21,-21.91,271.36,34.79
0.57,-0.20,0.05,-30.52,16.24,17.52
0.68,-0.22,0.56,-13.31,81.73,27.22
-0.79,0.06,2.82,2.81,-382.14,-4.33
0.47,-0.05,1.60,40.28,-383.54,0.85
1.19,-0.12,1.65,57.50,183.35,48.65
0.28,0.09,-0.01,78.67,66.71,47.55
0.12,0.09,0.81,91.61,75.56,41.02
0.58,-0.15,0.17,122.01,9.34,39.00
-0.07,-0.12,0.91,129.88,8.79,26.86
0.55,0.16,0.97,121.95,-181.40,4.15
1.35,0.09,1.63,116.27,30.64,12.39
0.72,-0.07,1.43,134.64,-87.77,-6.84
-0.12,-0.18,0.70,169.68,-86.30,-28.38
0.05,0.28,0.26,179.08,-101.07,-21.91
-0.13,0.04,0.24,176.76,-51.21,-17.52
0.50,1.10,1.16,181.64,-57.19,-32.53
-0.37,-0.46,1.57,678.96,-93.14,-95.09
0.48,0.08,-0.70,941.35,294.13,-246.03
1.26,0.70,-0.62,217.35,92.59,-459.47
-0.08,-0.20,-0.66,733.64,-83.92,-291.14
-0.33,0.62,0.03,714.72,93.38,-279.91
-0.20,0.45,2.93,501.34,-754.64,-368.96
-0.21,-0.16,1.84,294.31,-355.77,-241.70
0.69,-0.19,0.20,1038.64,234.86,-312.07
0.39,0.13,-0.08,983.95,788.27,-275.02
0.07,-0.16,0.05,582.21,-214.66,-363.65
0.10,-0.16,0.03,710.94,-322.27,-495.67
-1.26,-0.06,1.74,661.80,-429.99,-401.73
-0.38,-0.17,2.40,102.60,-316.41,-439.70
-0.05,-0.65,3.86,347.90,186.71,-434.20
0.34,-0.34,1.99,387.57,484.07,-470.52
0.14,-0.60,0.73,441.35,702.70,-550.54
-0.53,-0.01,-0.73,460.02,579.96,-569.82
0.93,-0.76,0.32,339.84,512.76,-568.85
-,-,-,-,-,-
1.58,0.10,0.85,-141.72,85.69,-91.67
-0.17,-0.17,1.22,-110.11,-201.11,-75.13
0.21,-0.10,0.39,-12.82,-32.29,4.21
0.18,0.01,0.03,32.23,49.32,-13.18
0.29,0.11,-0.03,88.38,44.68,-21.91
0.18,-0.03,-0.05,119.02,281.74,-55.73
0.56,-0.17,-0.14,84.05,61.77,-136.60
0.10,-0.54,0.17,95.70,-158.57,-129.21
0.42,0.09,-0.28,81.12,-264.47,-128.17
0.80,-0.80,-0.29,74.89,-251.59,-144.10
0.81,2.55,2.87,1.10,-494.45,-169.01
2.02,-1.19,-0.45,280.88,-667.11,-426.82
-0.12,-0.84,-0.45,596.98,69.82,-856.75
-0.20,-1.12,-0.43,102.11,-489.56,-825.13
0.48,-2.37,3.43,83.19,-852.66,-683.17
-1.01,-0.63,1.94,593.20,-523.44,-586.73
0.11,0.25,-0.75,1681.34,314.82,-682.68
-0.28,-0.82,-0.42,1366.94,279.66,-605.65
-0.21,-0.73,0.71,1496.40,209.23,-455.08
-0.27,0.20,-0.31,1169.43,283.94,-557.19
-0.15,-0.45,0.10,1161.38,177.92,-530.70
-0.12,-0.09,-0.27,1099.55,186.58,-477.42
-0.04,-0.24,-0.10,931.03,240.97,-478.88
0.20,-0.42,-0.20,800.42,205.75,-442.38
0.05,-0.16,-0.18,691.96,219.36,-422.97
0.55,-1.21,1.36,567.57,214.05,-421.39
-1.64,-2.15,4.00,32.59,-279.79,-404.05
-2.33,0.86,3.92,1548.95,681.09,213.20
0.50,-0.05,1.49,1913.88,1348.08,-21.91
-3.01,2.23,2.89,1651.61,353.94,196.59
-0.90,-1.04,-1.55,1864.62,60.55,-272.09
-0.76,-1.72,-0.92,1968.20,1304.02,-1185.42
-1.21,-1.82,-1.65,1999.69,712.34,-1521.79
-1.23,-1.65,-1.41,1999.69,834.11,-1519.41
0.92,-4.00,-3.22,1811.83,776.00,-711.79
0.02,0.50,0.24,-788.51,316.89,575.44
-0.51,0.35,0.12,-1522.89,724.12,748.29
-,-,-,-,-,-
0.20,-0.05,0.87,203.92,-29.11,-127.93
0.46,-0.10,0.54,157.90,-0.79,-157.78
0.81,-0.19,0.66,55.97,125.92,-234.25
0.35,-0.14,0.40,-75.07,-334.17,-234.99
0.03,-0.07,0.42,-223.45,-237.55,-218.81
0.35,-0.24,0.51,-195.56,-102.66,-104.55
0.85,-0.13,0.06,-214.23,561.65,-74.52
0.28,0.10,0.92,-213.62,-166.56,-62.38
1.27,-0.03,1.43,-198.85,-565.43,-57.07
0.71,-0.03,1.12,-179.50,-24.90,-37.72
0.08,-0.07,0.36,-182.74,-101.26,-47.12
-0.10,-0.12,0.36,-171.51,16.11,-24.48
0.26,-0.04,0.11,-168.33,49.93,-19.84
0.94,0.27,0.72,-145.75,70.01,-23.99
0.03,-0.11,1.50,-109.38,-99.55,-21.12
0.06,0.08,1.11,-102.54,-185.12,8.61
0.64,0.12,0.34,-60.73,181.95,51.15
0.98,-0.03,0.33,-40.16,361.51,42.05
0.71,0.19,1.91,-46.14,-9.83,28.02
0.12,0.00,1.76,-67.32,-581.24,7.75
0.22,0.01,0.43,-8.67,110.41,30.27
0.43,0.09,0.13,30.52,222.47,45.35
1.30,-0.10,0.20,39.37,493.59,42.66
0.65,0.00,0.16,66.53,419.31,34.91
0.16,-0.41,0.91,32.47,-457.09,37.17
-0.51,-0.17,3.35,0.37,-1010.31,14.34
-0.21,0.08,1.39,69.03,42.85,64.21
1.22,-0.13,0.36,137.27,650.02,67.57
0.87,-0.26,0.87,139.59,771.79,52.43
-1.00,-0.08,1.66,96.44,-584.23,16.30
0.69,0.02,-0.07,161.01,78.74,28.50
0.06,0.13,0.08,159.36,211.18,32.47
0.73,-0.20,0.05,138.18,-57.74,11.35
1.11,0.28,-0.01,127.81,328.86,20.69
0.29,-0.18,0.48,160.58,-263.37,-6.10
-0.30,0.11,3.29,125.12,-1030.03,-65.67
0.76,-0.19,0.90,181.03,-125.79,-22.03
0.69,-0.49,0.30,211.18,402.34,-10.80
1.45,-0.27,0.43,213.26,531.07,-31.31
1.66,0.40,-1.47,256.71,352.66,-64.15
-1.73,1.29,2.00,735.17,-229.06,-225.83
-0.84,2.44,0.22,444.03,-155.76,-435.85
-1.04,2.11,-0.58,617.31,184.88,-547.55
-0.46,0.35,0.31,1058.59,-192.14,-707.52
0.50,0.42,2.93,660.03,-712.10,-670.35
0.20,0.56,-0.10,751.83,117.49,-601.81
-0.17,-0.81,-0.09,1529.97,291.63,-543.21
0.60,-0.72,0.13,1177.25,311.52,-542.85
1.36,-0.70,0.15,1021.91,373.11,-499.15
0.11,0.13,0.24,654.24,97.23,-530.94
-0.64,-0.15,0.55,787.60,-682.56,-606.08
-0.67,0.43,3.54,272.77,-638.00,-523.38
-0.32,0.10,3.93,347.84,-8.79,-530.21
-0.18,0.29,0.32,847.23,418.46,-448.06
0.88,-1.00,-0.76,1210.69,828.00,-514.95
-0.20,0.48,1.52,523.99,478.82,-486.63
-,-,-,-,-,-
0.45,-0.26,0.98,-432.92,-781.68,-33.94
-0.03,0.10,-0.10,-122.19,-18.07,-40.89
-0.17,-0.12,0.52,-279.48,41.32,-25.27
1.16,1.03,0.01,700.74,857.42,-5.19
0.35,-0.04,0.13,83.92,30.70,-97.23
0.18,0.42,0.44,146.42,-759.09,-255.86
0.11,0.08,0.70,-0.55,-125.31,-258.97
0.06,-0.06,0.18,111.02,-27.16,-198.06
0.01,-0.21,0.06,202.39,19.41,-155.52
-0.07,-0.07,0.16,87.83,26.43,-160.58
-0.24,-0.56,1.27,-17.40,59.14,-176.51
-0.19,-0.25,1.39,-318.97,171.14,-160.83
-0.26,-0.22,0.70,-57.68,314.33,-171.45
-0.11,-0.14,0.21,170.84,380.68,-176.45
-0.23,-0.18,1.53,22.40,449.71,-131.65
0.36,-0.13,1.07,-258.42,602.23,-114.75
3.90,-1.03,-0.64,12.21,949.04,-111.51
2.88,0.21,2.76,-40.10,263.98,-39.06
-0.50,-0.24,1.64,-53.34,-749.69,-102.48
-1.23,0.32,0.67,-15.44,249.94,-41.14
0.36,-0.60,-0.36,232.18,58.65,-42.30
1.84,-1.44,-1.53,-38.39,345.46,-31.98
-1.03,0.62,-0.17,27.53,-48.16,-36.07
-0.23,0.37,0.28,-110.78,327.27,-17.82
-0.05,0.11,-0.11,-26.86,-246.89,-31.31
-0.05,0.08,0.00,25.15,87.77,-24.48
-0.05,-0.68,0.41,-93.38,3.23,-25.27
0.86,1.04,3.16,-312.74,-214.48,0.18
2.66,0.54,2.75,-250.00,322.45,-49.50
2.06,0.09,0.84,-30.27,715.09,-133.73
0.95,-1.29,-0.42,252.20,-796.81,-198.43
0.34,0.05,0.07,-233.95,18.19,-197.33
-0.08,0.23,0.33,-68.85,-174.93,-203.67
-0.07,-0.69,-0.03,362.61,-339.66,-205.02
-0.29,-0.59,0.96,293.82,-219.97,-135.93
-0.25,-0.43,2.89,-474.37,-159.36,-150.21
0.03,-0.69,1.40,-151.06,29.24,-196.59
2.94,-1.38,0.98,357.24,781.07,-87.52
2.44,0.34,-0.52,113.65,359.62,60.06
0.44,0.04,-0.09,-57.37,-550.54,-87.95
-0.40,0.07,0.92,118.90,51.64,28.63
-0.40,-0.07,2.49,-237.85,-557.01,-124.45
0.06,0.15,0.41,16.72,121.83,0.79
0.21,-0.40,-0.01,158.02,299.74,-9.09
-0.09,-0.23,0.01,275.27,272.03,45.72
-0.09,0.01,0.08,9.52,313.29,-9.22
0.56,-0.19,0.05,-68.05,285.22,-11.90
2.55,-0.97,1.79,-166.32,671.39,37.66
1.43,0.05,4.00,-231.69,-396.42,-146.36
0.57,3.21,1.15,55.48,-573.24,-210.33
-0.60,1.56,-0.08,493.65,85.14,-6.90
0.93,-1.32,1.16,598.82,694.03,-632.81
0.62,-0.23,0.41,803.04,289.06,-303.04
-0.74,-1.60,-1.41,704.47,-82.58,-314.15
0.45,0.29,-0.03,543.76,451.29,-401.67
0.18,0.39,0.75,695.62,261.29,-369.87
1.29,0.44,-0.53,324.77,-307.68,-405.09
0.52,1.12,0.06,622.38,-14.10,-429.69
-1.25,-0.36,3.80,227.23,-844.30,-504.64
-0.66,0.42,3.75,466.00,-658.94,-474.91
1.14,0.64,0.95,603.52,304.14,-396.55
1.55,-0.58,-1.47,673.77,1035.28,-376.95
-0.46,0.44,0.35,535.16,83.25,-513.06
0.94,-0.22,-1.05,362.00,170.90,-466.67
-0.14,-0.42,0.35,274.60,357.24,-495.67
1.06,-0.07,0.99,252.87,-59.27,-494.32
0.19,0.03,3.32,228.58,116.94,-532.04
-0.18,-0.50,4.00,230.29,109.50,-581.54
-0.16,-0.89,1.13,89.84,268.92,-634.52
-0.50,-0.50,2.51,87.16,457.09,-586.49
1.13,-1.13,-1.50,64.03,765.69,-601.01
-1.14,-0.27,3.01,-45.65,348.21,-547.97
-0.03,-0.93,0.89,-65.61,631.77,-434.75
-,-,-,-,-,-
0.60,0.01,0.27,-150.88,-168.64,38.45
-0.08,-0.45,-0.08,242.13,89.36,21.00
0.43,-0.04,0.18,5.92,54.08,18.92
1.20,0.25,0.47,-206.85,-107.85,-48.34
0.80,0.22,2.25,-327.33,-214.23,-177.49
0.75,0.00,0.29,-64.33,404.97,-141.60
0.94,-0.34,0.27,295.35,686.58,-183.59
-1.25,0.06,1.59,-327.45,-134.52,-63.29
-0.39,-0.03,1.36,-313.66,-245.61,-174.80
0.84,-0.15,0.33,62.56,406.31,-103.58
0.43,-0.08,0.53,-39.55,462.22,-74.10
0.51,-0.02,1.03,-126.89,170.17,-75.44
0.61,-0.14,0.65,-347.84,-550.11,-86.00
-0.56,-0.03,1.54,-104.25,-131.29,-93.20
-0.01,-0.18,1.14,-92.71,-199.65,-69.21
0.90,-0.04,0.53,-57.19,136.47,-53.41
0.54,0.07,0.00,-41.56,184.02,-72.33
0.33,-0.11,0.40,107.12,-74.34,-83.44
0.86,-0.31,2.38,-198.18,-250.61,-14.59
0.34,0.18,0.97,-202.39,-686.83,-70.43
0.22,-0.67,0.85,158.57,31.49,-67.26
0.03,0.01,1.46,12.15,-98.21,-28.26
0.19,-0.08,0.89,-108.95,-70.62,-24.35
0.12,-0.92,2.22,67.08,83.74,-36.74
0.37,-0.04,-0.02,-74.40,162.23,-25.57
0.76,-0.06,0.27,124.63,218.87,-39.00
0.74,-0.09,0.05,200.74,431.76,-26.37
0.16,-0.08,0.46,45.41,58.84,-27.22
-0.09,-0.17,3.02,-258.36,-580.87,-15.87
0.46,-0.07,0.75,-116.52,-118.84,-13.49
1.65,-0.16,0.57,222.60,1042.79,14.53
0.43,0.04,0.36,198.00,21.36,-34.42
0.71,-0.27,0.51,354.92,288.57,-68.42
0.46,-0.03,0.53,74.04,180.85,5.68
0.64,-0.10,-0.19,115.05,-205.08,-76.48
-0.16,0.40,0.37,95.58,-392.76,-97.23
-0.08,0.17,0.42,-153.44,-562.13,-103.09
-0.90,-0.37,2.94,221.31,-435.24,-53.10
-0.23,-0.08,2.58,-183.53,-340.45,-36.93
1.30,0.45,0.57,88.01,481.99,-28.02
2.91,-0.08,-0.06,152.28,805.11,-75.13
1.72,-0.23,1.52,125.73,-498.35,-177.49
-0.84,-0.43,1.91,228.88,-37.29,-120.48
-0.60,1.52,1.57,95.34,-616.88,-230.29
-0.57,0.59,-0.80,606.32,268.31,-268.86
0.28,-0.86,0.80,248.47,501.10,-598.82
0.03,-0.67,-0.43,809.51,-291.08,-693.73
0.19,-1.08,0.45,978.70,352.72,-615.36
-0.66,0.86,0.06,544.19,31.25,-591.74
-0.14,0.20,0.03,671.75,381.47,-596.50
1.39,0.09,0.60,703.06,368.23,-528.32
0.83,-0.14,3.80,354.86,476.32,-479.80
3.19,-0.44,3.34,449.22,-193.36,-465.33
-0.01,0.39,1.13,430.18,326.48,-486.69
1.04,-0.26,0.23,931.27,-409.30,-549.56
-0.64,-0.28,-0.35,588.56,528.69,-381.84
-0.73,0.62,2.64,-133.24,-341.67,-425.35
-0.92,-1.22,3.99,-290.34,-435.36,-486.33
1.40,-0.05,1.98,-80.14,380.31,-446.23
1.32,-0.42,-0.92,-86.79,663.94,-526.06
-0.41,-0.49,2.16,82.34,324.52,-544.80
-1.04,-1.00,3.09,-682.43,403.56,-590.09
1.59,-1.17,3.25,-659.97,245.12,-537.96
-0.35,-0.17,1.89,-560.42,725.65,-541.50
1.12,-0.21,-0.63,-567.38,772.40,-514.77
-1.10,0.16,0.56,-431.46,51.09,-463.56
-1.28,-0.53,3.16,-1002.87,313.23,-502.32
-0.40,-2.15,2.53,-1048.22,271.67,-438.90
-,-,-,-,-,-
0.11,-0.12,0.88,63.90,175.42,-82.64
0.75,0.13,0.32,58.78,95.64,-106.75
0.10,-0.06,0.77,24.17,-83.80,-131.04
0.28,-0.01,0.91,16.60,-64.58,-147.71
0.06,-0.28,0.20,-35.28,-327.21,-154.36
2.45,-0.57,1.54,-29.05,-294.98,-186.83
-1.13,0.75,1.51,3.97,-459.78,-158.20
0.03,-0.29,0.09,68.24,52.43,-144.35
-0.10,-0.08,-0.19,64.82,27.59,-145.26
0.15,-0.26,-0.01,44.37,-9.28,-158.69
-0.01,0.44,0.64,5.37,-21.06,-140.81
0.89,0.10,0.66,-17.09,-21.67,-151.37
2.00,-0.85,2.36,-8.12,-43.82,-162.05
1.01,-0.20,0.99,-42.05,-138.31,-169.80
-0.13,-0.41,2.88,-63.78,-451.35,-193.54
0.17,0.02,1.50,-35.46,-213.87,-155.52
1.02,-0.47,0.09,33.26,375.98,-130.00
0.02,-0.21,0.12,19.29,458.13,-123.54
0.16,0.01,0.13,-22.09,-16.72,-138.67
0.45,-1.04,0.42,-44.43,59.14,-140.69
0.09,0.20,-0.42,-45.47,-91.06,-141.48
0.43,-0.03,-0.21,-62.19,24.05,-156.43
0.61,0.53,3.55,-41.81,-223.88,-156.19
0.48,0.08,3.75,35.34,-593.02,-206.18
0.93,0.09,1.02,70.31,448.73,-139.16
0.36,-0.00,0.17,23.01,840.03,-112.92
1.25,-0.96,-0.72,-24.29,670.10,-104.25
0.89,-1.59,0.39,28.44,150.51,-152.34
0.67,-0.95,-0.10,-12.88,85.08,-176.09
-0.60,0.09,-0.18,-79.59,-63.23,-146.36
-0.06,0.00,0.34,-87.71,-111.63,-178.89
0.16,1.94,3.35,-50.72,-123.11,-150.82
-0.49,0.81,-0.82,21.73,-532.53,-146.79
1.43,1.34,0.62,395.81,249.82,-250.92
2.38,0.33,-0.90,537.05,221.25,-585.82
-0.04,0.38,0.80,691.28,-23.07,-318.60
-0.51,0.81,0.96,510.13,-327.51,-366.46
-0.13,0.51,1.69,550.42,-86.85,-381.59
-0.09,-0.43,2.39,553.59,-306.27,-443.66
-0.24,-0.40,1.05,604.92,-4.09,-368.47
0.65,-0.43,-0.02,590.39,334.05,-347.29
0.03,-0.01,-0.16,497.56,364.99,-335.94
1.50,0.78,1.15,435.91,319.52,-340.52
1.91,0.34,0.24,455.26,205.38,-481.81
-1.65,-0.14,3.53,482.24,-169.92,-640.93
-0.81,1.00,3.89,515.26,-379.03,-664.92
-0.88,-1.05,0.99,522.09,401.61,-589.66
-0.21,-0.66,1.23,410.16,664.92,-544.19
-0.68,0.63,1.03,344.97,997.62,-453.19
0.47,0.05,0.73,225.52,836.30,-503.54
1.28,-0.33,1.55,230.96,598.82,-551.45
-0.18,0.87,2.81,284.42,501.34,-651.43
-1.09,-0.99,1.73,575.38,296.63,-645.75
-0.47,-1.15,1.30,914.86,728.82,-507.39
0.07,0.32,0.54,937.62,1104.06,-535.77
-0.27,1.42,0.52,962.52,861.51,-472.17
-0.35,-0.35,1.13,943.36,803.59,-470.09
-0.58,0.50,1.07,994.69,633.30,-448.18
-0.92,0.81,0.24,1545.84,837.40,-256.10
1.51,-0.99,0.18,1876.04,1020.32,-390.50
0.51,-0.99,-0.43,1868.71,1121.34,-602.66
-0.99,1.52,-0.07,1762.15,745.48,-1079.35
-1.74,0.55,-0.33,1691.77,726.26,-1262.02
-0.27,-0.07,-1.42,1618.59,504.88,-1191.47
-1.63,-3.86,1.39,1599.18,404.36,-1017.70
-1.52,-1.55,-0.03,-175.84,513.67,-241.21
-2.53,-1.08,0.22,-1032.90,470.64,139.40
-1.22,-1.43,-0.57,-1006.59,427.73,667.66
-2.49,-3.38,0.46,-740.42,754.76,589.29
-0.07,-2.09,0.27,-1010.74,434.20,166.32
-1.47,-2.54,0.74,-1667.54,226.26,-181.52
-,-,-,-,-,-
-0.01,0.15,0.14,295.59,114.01,10.31
0.29,0.17,0.09,277.53,395.45,24.11
0.26,-0.36,-0.19,253.66,-23.32,56.64
1.09,-0.12,0.39,602.36,289.25,-55.36
0.86,-0.14,-0.52,178.71,-159.61,-68.30
0.83,-0.25,2.18,60.30,-467.71,-141.42
-0.61,0.82,1.78,173.95,192.63,-43.88
0.88,-0.43,1.08,-251.28,-119.02,-91.80
0.34,-0.02,0.15,-45.72,65.67,-86.18
0.40,-0.26,0.90,39.31,71.72,-50.05
0.04,0.15,2.49,-198.24,-170.23,-81.30
0.82,0.01,1.59,-230.96,186.58,-36.62
1.27,-0.21,1.08,-46.69,357.85,-37.11
0.16,-0.12,-0.17,29.30,236.15,-72.08
0.04,-0.63,0.32,332.58,1.46,-45.10
0.40,-0.05,0.06,-116.82,421.39,41.87
0.28,-0.06,0.21,-101.99,11.60,-25.70
0.03,-0.21,1.23,-78.98,-110.47,-44.13
0.85,0.06,1.74,-442.02,-407.71,-17.09
1.02,-0.03,0.93,-55.05,-31.56,-21.97
0.43,3.99,2.67,-110.84,-77.15,-40.77
-1.15,1.52,-0.07,-8.30,44.49,-416.69
0.55,1.25,0.10,521.73,323.61,-603.27
0.73,0.39,1.05,496.83,457.34,-921.08
0.35,-0.20,0.99,600.71,-623.29,-803.47
-0.16,0.14,0.97,410.34,-357.06,-677.06
-0.56,-0.08,-0.03,1027.22,-481.57,-471.44
0.24,-0.64,-0.33,1611.94,130.25,-430.36
0.15,-0.33,-0.16,1446.23,14.34,-582.58
-0.29,-0.30,-0.07,1107.42,-7.93,-494.32
-0.16,-0.09,0.22,1058.35,-58.72,-370.61
0.04,-0.66,0.25,1013.92,-2.62,-427.92
0.30,-0.06,-0.30,895.45,51.70,-359.50
0.55,-0.22,1.57,623.17,89.05,-438.60
-0.03,0.30,4.00,151.31,-503.97,-582.09
-1.89,-0.40,3.29,532.71,48.83,-744.51
-0.54,0.58,3.22,575.26,533.81,-672.79
-1.48,-0.41,1.61,646.06,857.30,-581.91
-0.38,0.21,1.14,770.69,1080.57,-501.22
-1.21,0.53,0.27,880.25,1356.51,-407.04
-0.02,-0.07,0.07,1046.20,1274.90,-408.33
-1.12,0.98,-0.98,1304.14,1282.90,-527.34
-0.82,-0.24,-0.91,1188.42,873.11,-512.76
-1.27,0.96,0.06,985.78,1184.75,-530.88
-1.15,0.87,-0.90,1170.59,1368.10,-536.25
-0.78,0.24,-1.33,1160.58,1099.24,-641.17
-1.46,-0.07,-0.69,1164.67,1281.56,-781.92
-1.07,-0.07,-0.52,1320.31,1110.53,-912.60
-,-,-,-,-,-
0.29,0.15,0.07,-356.45,-259.46,18.01
1.92,-0.33,1.10,-112.18,36.13,17.70
0.29,0.05,0.60,16.05,74.28,49.50
0.20,0.26,1.82,67.57,-359.31,51.57
0.35,0.06,0.85,267.58,233.03,31.68
0.48,0.02,0.88,247.38,37.90,-40.16
0.50,0.19,2.65,-133.42,-277.95,0.67
1.32,-0.07,0.63,-100.59,88.01,-8.18
-0.18,-0.02,0.20,170.35,221.62,-56.34
0.13,-0.15,0.02,302.49,-470.95,-111.94
0.04,-0.02,-0.05,127.93,-281.19,-17.46
0.00,-0.03,0.24,59.63,-157.84,-47.55
-0.04,0.01,0.52,13.49,-156.98,-60.97
-0.77,-0.52,3.23,-79.71,-256.71,-47.91
0.65,0.12,1.23,-385.99,-151.86,-8.67
2.59,-0.54,0.26,37.23,972.66,-17.88
0.57,-0.14,1.18,131.77,93.75,-50.72
1.01,-0.02,1.55,189.39,-867.86,-89.54
-0.11,0.02,0.31,50.17,15.99,-65.25
-0.25,-0.33,1.72,-181.34,-140.20,-39.55
0.22,0.02,0.61,-68.48,18.31,-47.36
0.86,-0.15,0.61,19.78,117.61,-34.97
0.08,0.08,1.59,-44.80,6.84,-54.69
0.88,0.01,0.51,-14.22,281.80,-29.79
0.13,3.64,2.35,-12.15,360.53,-68.30
-0.52,2.71,-0.43,2.38,-47.91,-497.38
0.21,0.36,0.05,548.28,320.13,-695.43
-0.81,0.58,-0.17,755.62,258.06,-851.20
-0.12,-0.78,-0.63,471.56,33.81,-791.99
-0.48,0.51,1.44,402.53,-5.31,-844.36
-0.80,-0.76,0.66,266.17,50.66,-674.13
-0.36,-0.08,-0.57,1434.75,-25.63,-535.03
0.28,-1.47,-0.39,1826.78,742.92,-575.62
1.48,-1.63,0.05,1261.35,2.38,-425.48
1.64,0.30,-0.06,1381.77,582.58,-309.75
0.21,0.44,-0.49,1154.24,-285.34,-501.89
0.57,-0.71,0.09,1312.68,-342.41,-494.51
0.39,0.25,-0.30,1054.38,-343.99,-543.21
0.12,0.15,-0.21,877.50,-330.57,-593.99
-0.08,0.08,-0.63,875.12,-319.40,-614.44
-2.23,1.48,3.32,571.96,-597.05,-629.58
-2.28,-0.50,3.87,751.10,-379.88,-555.11
-1.23,1.18,3.45,1951.11,522.95,-303.28
-0.07,1.14,-0.86,1693.18,1081.85,-487.73
-0.28,-1.56,-2.36,1365.17,198.06,-288.57
0.95,0.28,0.65,1966.25,383.06,-361.94
-1.33,2.30,-2.00,1999.39,666.81,-506.23
-0.19,0.10,0.04,1999.57,553.04,-813.84
-1.97,-1.16,-1.67,1999.45,754.15,-1305.54
-1.65,-1.80,-1.49,1999.69,601.50,-1502.01
-2.76,-3.90,-2.45,1839.05,-23.19,-1594.73
-0.20,-0.53,-0.62,679.75,602.42,-884.28
0.18,-0.79,-2.18,-615.54,-120.36,-370.48
-,-,-,-,-,-
0.30,-0.33,1.12,-38.70,-641.78,5.19
0.79,-0.08,0.79,85.45,-39.86,36.74
-0.33,0.09,1.59,166.50,-120.36,-10.68
1.46,0.11,1.63,431.58,703.80,-98.14
-0.45,-0.01,1.99,94.36,-273.01,-107.60
0.50,-0.23,1.49,-285.46,-1034.55,-130.43
0.78,-0.19,1.69,-132.81,140.93,-129.21
0.78,-0.09,0.93,-42.60,242.92,-112.98
0.58,-0.02,0.68,-44.80,206.42,-124.45
0.69,-0.13,0.79,-34.67,299.99,-104.74
0.82,-0.14,0.41,4.03,98.02,-117.07
0.25,-0.16,1.90,-65.67,15.32,-90.52
-0.09,0.08,0.44,-190.92,-120.18,-59.94
0.24,0.08,0.04,13.00,216.06,-54.57
0.23,-0.14,0.10,294.07,212.95,-67.20
0.59,-0.11,-0.07,164.73,198.30,-43.03
0.58,-1.00,1.21,-127.69,72.81,-19.71
1.09,0.04,2.18,-714.48,-204.16,-68.73
3.45,-0.27,-0.90,-49.74,713.44,-81.48
-0.07,-0.27,-0.22,262.33,263.92,-76.60
-0.18,-0.17,0.22,198.55,-392.21,-9.95
-0.12,-0.04,0.17,-142.76,-212.04,-94.48
0.03,-0.08,0.37,-141.42,-344.24,-6.96
-1.21,0.56,3.84,-298.52,-590.39,2.62
1.27,0.15,2.37,-277.10,-623.47,12.82
0.42,-0.20,1.51,58.65,64.03,-14.65
0.21,-0.00,0.27,60.49,33.33,4.52
0.01,0.12,0.15,239.07,-31.92,-46.08
0.71,0.17,0.38,209.53,-55.91,9.46
0.45,-0.25,1.05,-40.71,148.99,15.38
0.29,0.15,0.62,-43.27,-440.12,-13.43
0.17,-0.43,0.92,202.76,-226.56,-32.35
-0.66,-0.13,2.17,2.20,-45.17,12.08
-0.00,0.07,0.55,79.65,297.49,0.92
0.83,-0.14,0.26,199.34,433.11,-15.01
1.53,0.10,0.35,239.69,1142.64,32.10
0.19,2.93,0.12,1.04,23.74,-15.20
-0.27,0.71,0.08,152.59,-691.53,-273.74
-0.23,-0.32,0.22,611.27,-767.15,-566.59
0.43,0.57,0.64,982.85,-36.99,-664.67
-0.60,-1.04,-0.22,1564.15,-222.23,-541.14
-0.22,-0.16,-0.11,1087.10,-6.10,-588.26
-0.59,0.18,-0.45,1027.95,126.28,-534.91
0.27,-0.11,0.22,805.36,377.01,-545.53
2.89,-0.43,-0.14,832.82,523.56,-502.38
-0.13,-0.22,0.36,568.42,-207.15,-556.52
-1.30,-0.58,3.53,221.56,-1319.40,-642.21
-0.25,-1.11,3.71,213.20,-10.25,-527.04
-0.54,-1.01,0.38,733.40,586.36,-509.95
-0.13,0.17,2.70,342.59,601.99,-470.70
-0.31,-0.43,0.96,-53.16,820.74,-585.51
0.13,1.03,-0.53,256.84,905.15,-523.68
-0.10,-0.79,0.32,-44.49,1332.52,-521.24
0.60,-1.51,1.68,-307.74,549.01,-607.67
-1.06,-2.43,3.79,-961.91,-405.58,-606.57
-0.20,-1.21,1.75,-567.14,769.47,-478.94
1.80,-0.94,0.36,-610.47,1223.39,-480.96
0.74,0.36,0.31,-215.21,611.57,-425.84
1.25,0.05,2.21,-553.41,529.66,-534.91
-2.65,1.29,0.82,-660.46,-157.04,-465.64
-0.76,-0.70,1.33,-220.34,849.67,-608.34
-,-,-,-,-,-
-0.44,0.13,0.82,59.51,129.03,29.42
0.27,0.13,0.89,44.92,83.25,42.97
0.22,-0.03,0.07,62.13,39.92,49.01
0.24,0.14,0.07,154.48,-106.93,21.42
0.57,0.14,1.79,-35.58,-211.18,-27.95
0.79,-0.15,0.60,-26.06,-47.91,-12.82
0.45,-0.07,1.84,59.33,43.76,-11.54
0.15,0.01,2.80,-30.76,-7.39,-34.00
0.14,0.08,1.01,38.02,193.73,-20.14
0.78,-0.07,0.32,241.82,463.26,-37.54
0.56,0.01,-0.04,622.80,493.96,-9.16
0.18,0.05,0.13,54.14,195.62,9.64
0.49,-0.38,0.39,-9.09,13.18,-8.00
0.34,-0.62,0.56,-111.88,-2.01,14.65
0.03,0.08,3.75,-296.14,-416.44,3.85
0.93,0.07,1.59,-230.96,-229.43,-57.56
0.75,-0.18,0.33,130.74,374.51,-41.75
0.32,-0.07,0.06,337.83,126.22,-83.74
0.59,0.07,0.00,386.54,21.91,-17.27
2.27,-0.08,-0.30,-17.70,451.66,12.08
0.30,0.06,0.23,-150.82,-12.45,-11.05
0.03,-1.15,1.08,174.93,-556.64,-124.69
0.05,-0.12,2.57,-630.13,-1176.33,-99.24
-0.07,0.19,1.00,-43.15,-157.90,-71.35
0.77,-0.27,0.43,198.61,165.10,-61.46
3.53,-0.14,-0.55,137.57,673.28,43.09
-0.19,0.04,-0.11,46.57,-84.47,-18.31
0.01,-0.29,1.44,-83.37,-653.75,-61.65
-0.05,0.02,0.84,-175.05,-254.64,-14.53
-0.74,0.70,2.14,293.70,-17.03,-13.92
-1.11,0.34,-0.14,-422.06,-12.33,-270.81
-0.19,-0.39,-1.96,576.66,394.65,-549.26
0.91,0.09,0.63,536.32,475.22,-777.83
1.59,-0.26,-0.50,520.51,548.71,-974.24
-0.31,0.31,-0.85,434.27,-243.96,-726.32
0.40,0.17,-0.49,227.84,437.68,-737.49
0.14,-1.03,2.13,487.67,-531.80,-661.87
0.37,0.30,0.30,1370.97,-120.67,-301.82
0.58,-0.80,-1.07,1890.38,451.17,-438.42
0.69,-0.65,1.21,1804.93,331.85,-367.92
0.16,-0.52,-0.26,1350.34,-118.41,-132.02
0.99,0.12,0.20,1259.34,363.65,-353.82
0.47,0.45,-1.75,1305.30,-89.23,-428.89
-0.58,0.50,-0.47,1155.64,-380.31,-562.38
-0.30,-0.03,-0.04,1086.30,-218.14,-545.04
0.72,-0.25,-0.00,968.20,-25.76,-644.10
-1.61,1.04,3.55,742.43,-213.38,-654.66
-3.05,-0.61,3.63,855.10,-622.74,-484.68
0.12,2.33,1.15,1968.87,717.29,-122.31
0.35,1.17,-0.23,1312.81,1076.72,-286.56
1.11,-0.90,0.75,1016.48,521.61,-7.26
-0.83,0.73,-0.50,1876.71,763.98,-360.84
-1.17,-0.29,0.17,1994.14,449.89,-899.48
-0.96,-0.78,-1.64,1998.72,393.01,-1125.06
0.52,-3.82,1.37,1989.20,1076.66,-1119.51
0.08,0.78,-0.22,879.09,860.23,-441.22
-0.48,-1.35,-0.25,-916.26,162.90,-562.68
1.95,-0.90,-1.63,-781.31,430.79,19.47
-,-,-,-,-,-
2.35,0.04,-0.05,-545.78,507.08,41.14
0.42,0.01,1.50,-313.17,-337.59,-54.32
0.60,0.16,-0.33,279.48,-290.65,49.19
1.74,0.07,0.33,107.73,212.28,101.99
0.87,-0.51,1.60,36.74,-1010.13,-11.47
-0.03,-0.01,0.09,-66.53,-641.91,47.91
0.63,-0.94,1.23,167.11,277.34,-116.03
-0.99,-0.65,2.20,96.19,-767.46,-138.92
0.25,-0.24,1.70,-44.49,-606.63,-94.30
0.54,0.22,-0.04,128.17,177.06,-63.42
0.19,-0.01,0.45,649.29,748.78,-63.35
0.05,-0.31,0.91,-33.57,-127.20,-7.45
0.06,0.16,1.16,-434.63,-926.57,-84.23
0.08,-0.08,0.69,-5.74,94.54,-122.13
0.98,-0.16,0.49,117.07,312.99,-103.27
0.82,-0.06,0.46,29.66,991.21,-58.65
0.26,-0.18,1.07,2.08,-122.68,-92.83
-0.34,-0.09,2.82,-170.90,-799.56,-84.23
0.47,-0.06,0.79,-144.04,-59.02,-54.69
0.89,-0.25,0.63,32.35,346.31,-89.60
2.40,0.36,-0.19,-41.87,919.74,-31.68
0.29,-0.21,1.17,-23.38,35.77,-58.29
0.11,0.01,0.67,-174.07,-715.76,-58.29
0.56,-0.04,0.45,5.25,105.16,-46.20
0.65,-0.11,0.09,65.00,213.68,-45.47
0.24,0.72,0.83,148.68,460.02,43.64
0.25,-0.27,0.04,-635.07,-524.05,-211.00
-0.30,-0.68,-2.33,227.72,-92.04,-549.44
-0.55,-1.28,-0.19,472.96,-149.66,-722.47
0.25,-2.76,0.60,623.35,324.40,-864.50
0.31,-0.72,0.27,680.18,-389.22,-768.68
1.10,-0.17,1.46,960.39,476.68,-582.03
0.13,-0.14,0.33,752.62,-137.63,-414.37
-0.13,0.63,0.39,1218.14,-384.34,-283.20
-0.00,-0.66,0.85,1040.47,-343.51,-322.20
0.13,-0.55,0.99,528.14,-842.59,-228.15
-0.40,-0.22,1.19,133.42,-170.29,-190.12
0.19,-0.22,1.02,525.57,149.90,-301.21
0.58,0.40,3.61,310.30,53.10,-260.13
0.23,0.75,0.00,73.12,163.33,-417.97
-0.23,-1.87,0.01,444.03,369.38,-603.76
-0.66,-0.69,2.85,-235.90,100.52,-591.80
0.03,0.54,-0.26,-186.83,471.19,-605.16
0.47,-1.55,0.57,186.28,685.91,-514.59
0.53,-1.01,2.59,-846.07,593.14,-531.07
1.22,-0.57,2.77,-700.93,509.34,-529.30
1.02,-1.04,0.92,-853.88,599.67,-571.84
0.18,-1.27,1.88,-994.32,358.34,-569.89
-0.02,-0.93,-0.29,-1387.70,352.05,-574.22
0.25,-0.43,-0.91,-1433.78,467.71,-502.26
-0.34,-0.63,-1.14,-1699.83,1177.19,-491.94
1.02,-0.15,-0.92,-1731.93,406.37,-403.81
0.17,-1.04,-0.25,-1900.76,219.73,-320.74
0.21,0.42,-1.09,-1996.77,-25.88,-277.77
1.02,0.17,-1.29,-1960.69,-152.47,-199.65
0.55,-0.49,-0.88,-1977.91,-163.09,-121.52
-0.55,-0.20,-0.70,-2000.00,-372.07,61.65
-0.24,0.33,-0.17,-2000.00,-382.81,213.38
